01111111
10111111
11011111
11101111
11110111
11111011
11111101
11111110
11111111
00000000
10000000
11000000
11100000
11110000
11111000
11111100
00001011
00010010
11111010
00010001
10001100
00011111
00110010
10001110
00100000
00000111
11011110
00101100
11101110
11000110
00101110
11010001
10110011
10010010
11101010
11000010
00111101
10100001
11001011
10100111
10010000
01011110
01101101
01001001
00110011
00000100
01011001
00100110
01011000
10110010
01001011
11110010
00100100
00111010
11011100
10001010
00100011
01011100
11001010
11000001
01001101
00011000
00101001
11000011
